fixed: 12
hourly: 0.000285
salary: 0.000104
turnover: 0.3
onboarding: 110